1 2 3 4 5 6 7 8 9 10 11 12 13 14 15 16 17 18 19 20 21 22 23 24 25 26 27 28 29 30
31 32 33
34 35 36
37 38 39 40 41 42 43 44 45 46 47
39 40 48 49
39 40 49 50 51 52 53 54 55 56 57 58 59
33 42 60 61 62 63
4 40 49
64 65 66 67 68 69
33 70
49 71 72 73
40 74 75 76 77 78 79 80
37 39 40 42 49 80 81 82
83 84 85
42 86 87 88 89
40 49 90 91 92 93 94 95 96 97 98 99 100 101 102
37 39 40 49 90
40 42 103 104 105 106 107 108 109
39 40 42 110 111
40 112 113 114 115 116 117 118 119
120 121 122 123 124 125 126 127 128 129 130 131 132 133 134
49 135 136 137
40 49 138 139 140 141 142 143 144 145 146 147 148 149 150
40 151 152 153
39 40 57 154 155 156
49 157 158 159 160 161
40 42 49
162 163 164 165 166 167 168
39 40 49 169 170 171 172 173 174
33 40 42 49 175 176 177 178 179
33 39 40 48 49 180 181 182 183 184
40 185 186 187
37 39 42 49 141 188 189
40 49 187 190 191 192 193 194 195 196 197 198 199 200 201
40 202 203 204 205 206 207 208 209 210
40 66 194 211 212 213 214 215 216
180 217 218 219 220 221 222 223 224 225
226 227 228
40 42 49 229 230 231 232
37 39 40 233 234 235 236 237 238 239 240 241 242 243
40 244 245 246
40 42 49 247 248 249 250 251
40 49 66 252 253 254
49 231 255
40 49 67 79 243 256 257 258 259 260 261 262
40 49 263
37 39 40 226 264 265 266 267 268
40 243 269 270 271 272
40 49 80 147 238 257 273 274
275
33 39 40 49 276 277 278 279 280 281 282 283 284
40 49 69
39 40 49 96 97 106 285 286 287 288
40 42 49 213 289 290 291 292 293 294 295 296 297 298 299 300
301 302 303
37 39 40 106 304 305 306 307 308 309 310 311 312 313 314 315 316 317 318 319 320 321 322
11 323 324 325 326 327 328
40 49 153 162 329
40 330 331
49 332 333 334 335 336 337 338 339 340
19 38 39 42 49 148 341 342 343 344 345 346 347 348
33 40 42 49 349 350 351
49 352 353 354 355 356 357 358 359 360 361 362 363 364 365
366 367
39 40 42 49 61 368 369 370 371 372 373 374 375 376
2 12 40 42 49 66 90 377 378 379 380 381 382 383 384 385 386
387 388 389 390
39 42 391
39 56 392
33 44 152 153 202 259 341 393 394 395 396 397 398 399 400
339 401 402 403 404 405
40 406 407 408
49 90 102 180 187 259 341 409 410 411 412 413 414 415 416 417 418 419 420 421 422 423
40 46 49 249 424 425 426 427
142 345 428 429 430 431 432
40 433 434 435
40 49 66 436 437 438 439
16 24 37 39 49 124 230 292 332 338 391 440 441 442 443 444 445 446 447 448 449 450 451
49 452 453 454 455 456 457 458 459 460 461
38 39 49 148 175 462 463 464 465 466 467 468 469 470 471 472
40 49 473 474 475 476
40 42 477
478 479 480
40 162 481 482 483 484 485 486 487
33 40 42 49 153 238 397
39 40 42 106 111 488
61 382
12 40 49 256 489 490 491 492 493 494 495 496 497 498 499 500 501
40
42 111 502
33 39 40 49 171 179 503 504
39 42 505
226 233 348 506 507 508 509 510 511 512 513 514 515 516
39 40 42 49 171 190 226 271 517
40 49
39 40 282 518
3 519 520 521
311 522 523
42 524 525
49 311 417 522 523 526 527 528 529 530 531 532
39 40 111 533
19 39 48 49 90 259 294 339 366 534 535 536 537 538 539 540 541 542 543 544 545
40 49 107 108 265 309 385 499 546 547 548 549 550
40 49 313 551 552 553 554 555 556 557 558 559
33 40 42 49 90 130 256 358 368 369 409 492 553 560 561 562 563 564 565 566 567 568 569 570 571
39 171 202 572
40 42 49 573 574 575 576
39 40 162 282
37 39 49 79 156 577 578 579 580 581 582 583 584 585 586 587 588 589 590 591 592
40 49 593 594 595 596 597 598 599 600 601
40 179 602 603
39 40 171 208 604 605 606 607
127 291 293 549 608 609 610 611 612 613 614 615 616 617 618 619 620 621 622 623 624 625
626 627
40 49 628
40 42 49 135 273 476 629 630 631 632 633 634 635 636 637
40 49
39 40 42 49 90 111 638 639 640
39 49 171 243 256 390 605 641 642 643 644 645 646 647 648
37 39 40 272
40
40 90 187 544 649 650 651 652 653 654 655
42 512 656 657 658
40 49 659
40 49 202 660 661 662 663 664 665 666 667 668 669 670 671 672 673 674 675 676
40 42 677 678 679 680
40 73 366
40 681 682
24 40 42 49 261 358 471 683 684 685 686 687 688 689 690 691 692 693 694
38 39 40 49 695
33 40 167 347 534 696 697 698 699 700 701 702 703 704 705
13 40 579 598 706 707 708 709 710 711 712 713
40 156 339 714 715
38 39 40 42 49 171 434 716 717 718
719 720
40 49 151 161 721
20 37 39 40 42 49 249 544 722 723 724 725 726 727 728 729 730 731 732 733 734 735 736 737 738 739 740 741
42 49 742 743 744 745 746
11 747
10 40 42
748
360 749
10 228 716 750 751 752 753 754 755 756
40 49 69 650 757 758 759 760 761 762 763 764
210 212 243 619 638 652 765 766 767
648 768 769 770
40 42 771
39 287 360
39 111
20 40 285 421 772 773
40 49 774 775
38 39 111 335 776 777 778 779 780
12 40 42 49 68 103 226 229 279 565 781 782 783 784 785 786 787 788 789 790
39 40 42 791 792
39 40 49 287
39 40 42 48 49 62 151 313 442 562 623 650 793 794 795 796 797 798 799 800 801 802 803 804 805 806
49 769 807
39 42 171 421
39 287
40 42 49 808 809 810
33 42 421 811
40 49 90 812 813
1 40 49 66 121 182 731 814 815 816 817 818
23 33 40 819 820
40 42 807 821 822 823 824
40 49 180 491 571 573 650 724 825 826 827 828 829 830 831 832 833 834 835
37 39 484 493 741 836 837 838
39 839 840 841 842 843
49 799 844 845 846 847
10 40 49 705 768 810 848 849 850
10 39 40 171 331 715 851 852 853 854
40 42 49 855
238 856 857
40 46 49 523 536 682 858 859 860 861
40 49 862 863
40 49 360
39 40 49 111 162 864 865 866 867
442 646 868 869 870 871 872 873 874 875 876 877 878 879 880 881 882 883 884 885 886
40 42 162 260 261 887 888 889
40 49 799 860 890 891
40 49 102 250 256 279 442 480 496 586 679 810 892 893 894 895 896 897 898 899 900 901 902 903 904 905 906 907
40 908
49 66 909 910 911 912 913 914
39 40 49 171 304 495 915 916
32 40 42 94 917
210 918 919 920 921 922
33 39 40 42 48 192 210 349 391 423 442 548 646 878 923 924 925 926 927 928 929
33 49 271 512 751 930 931 932 933
33 39 40 42 43 171 179 214 273 512 590 934 935 936 937 938 939 940 941 942
40 49 943 944 945 946 947 948 949
39 40 49 287 950 951 952 953
40 42 350 607 666 954 955 956 957 958 959
11 40 42 49 960 961
10 49 97 108 530 550 607 790 962 963 964 965 966
40 270 385 967 968
26 33 42 118 186 233 249 341 504 531 534 763 928 969 970 971 972 973 974 975 976 977 978 979 980 981 982 983
66 77 129 137 186 536 559 613 616 731 914 917 984 985 986 987 988 989 990 991 992 993 994 995 996 997 998 999 1000 1001 1002 1003 1004 1005 1006
1007 1008 1009
40 390 990 1010 1011
40 42 49 716 756 1012 1013 1014 1015 1016 1017 1018
66 102 176 177 179 198 283 302 624 804 807 1019 1020 1021 1022 1023 1024 1025 1026 1027
40 49 238 1028
39 85 108 109 111 134 238 250 494 590 605 676 1029 1030 1031 1032 1033 1034 1035 1036 1037 1038 1039 1040 1041 1042 1043 1044
33 1045 1046 1047
40 46 49 201 260 283 360 366 397 578 590 594 752 1048 1049 1050 1051 1052
33 869 1053 1054 1055
40 42 49 349 353 455 534 694 755 1056 1057 1058
39 40 250 372 741
49 572 682 804 968 971 1032 1059 1060 1061 1062 1063
360 1064
33 39 49 171 187 366 414 476 549 637 1065 1066 1067 1068 1069 1070 1071
40 1072 1073 1074 1075 1076
49 78 102 243 572 617 823 1077 1078 1079 1080 1081 1082 1083 1084 1085 1086 1087 1088 1089 1090
40 49 256 494 1091
39 40 49 329 505 985 1092
49 261 666
40 42 49 957 1032 1093 1094 1095
33
39 171 886 1096
434 1097
32 847 1098 1099 1100 1101 1102 1103 1104
40 49 829 1105 1106 1107 1108 1109 1110 1111 1112
39 40 49 171
39 40 42 391 1113 1114 1115 1116
39 40 42 73 106 209 347 536 1117 1118 1119 1120 1121 1122 1123 1124 1125 1126 1127 1128 1129
40 42 49 76 1001 1130 1131
33 613 977 1014 1132 1133 1134 1135 1136 1137 1138 1139
40 250 1140 1141 1142 1143 1144 1145
1 40 49
39 371
40 49 156 722 767 1063 1146
33 39 40 42 49 64 111 549 1147 1148
37 39 40 42 49 56 333 442 562 741 797 798 810 886 911 957 1149 1150 1151 1152 1153 1154 1155 1156 1157 1158 1159
37 39 49 256 860 1160 1161 1162
40 49 1004 1163 1164 1165
40 49 1166 1167 1168
21 1169 1170 1171 1172
39 40 42 49 106 1173 1174
33 40
49 252 695 810 1145 1175 1176 1177 1178 1179 1180 1181
49 767 782 997 1182 1183 1184
40 49 238 494 677 953 1146 1185 1186
40 49 193 1187
29 39 40 42 162 979 1188 1189 1190 1191
40 49 124 221 476 678 1192 1193 1194 1195
1191
40 49 731 988 1196 1197
40 1198
66 202 267 342 434 523 695 867 1199 1200 1201 1202 1203 1204 1205 1206 1207 1208
69 262 629 1209 1210 1211
33 39 42 111 598 1212 1213 1214 1215
24 40 49 102 256 605 815 1032 1216 1217 1218 1219 1220
1221 1222
188 209 271 1052 1207 1223 1224 1225 1226 1227 1228 1229
39 40 42 49 358 398 534 662 675 791 994 1068 1083 1156 1230 1231 1232 1233 1234 1235 1236 1237 1238 1239 1240 1241 1242 1243 1244 1245 1246 1247 1248
33 40 44 49 68 118 133 442 476 551 666 790 1249 1250 1251 1252
39 171
40 49 678 776 835 1161 1181 1253 1254 1255 1256 1257 1258 1259 1260 1261
650 826 1262 1263 1264 1265 1266
40 1267 1268
40 42 49 1269 1270 1271 1272 1273 1274
40 49 61 201 209 677 714 953 1275 1276 1277
37 39 42 339 341 566 669 1278 1279 1280 1281 1282 1283 1284 1285
40 49 1154 1155 1286
49 152 153 190 256 526 939 1013 1287 1288 1289 1290 1291 1292
40 42 49
39 40 42 49 111 272 1147 1293
49 1294 1295
738 1296 1297
40 49 394 825 1298 1299 1300 1301 1302 1303 1304 1305 1306 1307 1308
476 831 1275 1309
38 39 40 42 49 77 446 559 588 740 974 1310 1311 1312 1313 1314 1315 1316
40 49 50 99 124 238 286 476 876 1019 1136 1317 1318 1319 1320 1321 1322 1323 1324 1325 1326 1327 1328 1329
1330 1331
33 186 692 891 1332 1333 1334
42 49 124 223 256 1335 1336 1337 1338 1339 1340 1341 1342 1343 1344
40 49 480 1345 1346
42 49 124 256 414 426 587 623 728 790 1050 1344 1347 1348 1349 1350 1351 1352 1353
40 49 1174 1354
39 111 1181 1355 1356
40 42 96 102 309 310 375 434 686 742 744 754 861 899 980 999 1080 1081 1154 1155 1270 1357 1358 1359 1360 1361 1362 1363 1364 1365 1366 1367 1368 1369 1370 1371 1372 1373 1374 1375 1376 1377 1378 1379 1380 1381 1382 1383 1384 1385 1386 1387
40 49 335 741 988 1043 1388 1389 1390 1391 1392
39 40 171 843
39 40 49 287 1064 1393
40 1369 1394 1395
39 49 171 1396
40 752
40 49 730 760 881 1237 1397 1398 1399 1400 1401 1402 1403
21 59 102 365 400 523 550 825 838 847 1005 1404 1405 1406 1407 1408 1409
750 1410
37 39 42 256 265 1411 1412
40 49 1413 1414 1415
40 522 623
68 69 70 605 721 1416 1417 1418 1419 1420 1421
39 40 42 49 102 171 476 715 857 1319 1422 1423 1424 1425 1426 1427
40 249 585 1044 1282 1428 1429 1430 1431 1432 1433
40 49 96 196 209 214 810 1217 1434 1435 1436
1437 1438 1439
40 265 465 617 751 974 1440 1441
63 301 1442
40 42 49 740 825 1443 1444
40 49 189 1445 1446 1447
40 46 49 90 335
302 884 1448 1449 1450 1451 1452 1453
40 335 1280
6 201 433 536 582 862 1388 1454 1455 1456 1457 1458 1459 1460 1461 1462 1463
39 40 291 841 860 1464 1465
11 40 49 50 1005 1143 1259 1466 1467 1468 1469 1470 1471
33 40 42 49 302 311 605 720 1083 1278 1472 1473 1474 1475 1476 1477 1478 1479 1480 1481 1482
37 39 40 271 1130
40 42 185 205 1388 1466 1483 1484 1485 1486 1487
1488
39 40 61 372 1489
37 39 49 382 1490 1491
40 42 49 382 1492
40 49 270 1164 1447 1493 1494 1495 1496 1497 1498 1499
40 333 1500 1501 1502
49
40 42 249 674 1192 1503
33 137 549 550 1504
40 303 1167 1192 1331 1505
40 49 50 1506 1507 1508 1509
31 40 42 49 594 1236 1510 1511 1512 1513 1514 1515 1516 1517 1518
39 40 49 50 57 335 741 1403 1519 1520 1521
1522
49 1523 1524 1525
39 49 68 69 77 505 613 790 1526 1527
40 196 1141 1528
39 171 1529 1530
40 49 265 424 1005 1105 1531
33 40 1532 1533
718
40 49 175 442 802 1534 1535 1536 1537
157 162 311 933 1538 1539
40 49 715 1308 1437 1531 1540 1541 1542 1543 1544
10 39 40 49 66 156 171 409 421 480 590 779 825 1063 1268 1343 1434 1545 1546 1547 1548 1549 1550 1551 1552
1553
40
40 49 50 1554
40 42 332 1555 1556 1557 1558
40 49 243
102 290 523 526 759 779 825 1559 1560 1561
102 379 670 795 825 1562 1563
33 40 49 142 382 911 1136 1175 1345 1564 1565 1566 1567 1568
40 794 916 1569
40 42 95 199 341 549 678 1348 1570 1571 1572 1573 1574 1575 1576 1577 1578
40 186 262 1292 1579
33 40 42 49 426 534 593 724 750 1314 1323 1580 1581 1582 1583 1584 1585 1586 1587 1588 1589 1590
37 39 40 42 90 289 385 480 536 612 967 1591 1592 1593 1594 1595 1596 1597 1598 1599 1600
39 42 49 171 826 905 1265 1601 1602 1603 1604 1605 1606 1607 1608 1609
39 40 42 111 171 1610 1611
49 1612 1613
39 40 372 1610 1614 1615
39 49 171
40 49 247 551 735 931 1147 1616 1617
40 42 256 260 341 397 536 975 987 1015 1136 1354 1618 1619 1620 1621 1622 1623 1624 1625 1626 1627 1628
40 42 49 61 156 183 247 536 590 1275 1320 1629 1630
37 39 40 49 1631 1632
40 49 50 97 544 640 678 813 925 1005 1145 1415 1594 1630 1633 1634 1635 1636 1637 1638 1639 1640 1641
2
40 327 362 666 1485 1642 1643 1644 1645 1646 1647 1648
40 49 238 1279 1649
40 42 1650
728 1651 1652 1653 1654 1655
39 40 42 49 90 111 496 593 1292 1656 1657
60 101 162 233 283 315 379 491 493 599 605 1025 1199 1212 1658 1659 1660 1661 1662 1663 1664 1665 1666 1667 1668 1669 1670
40 49 62 551 599 867 1671 1672
33 39 40 106 414 825 1364 1673 1674 1675 1676 1677 1678 1679 1680
40 49 649 1681 1682 1683 1684 1685 1686 1687
40 42 186 235 1475 1688 1689 1690 1691 1692 1693
40 298 523 545 1694 1695 1696 1697 1698 1699 1700
33 37 39 40 741
39 40 42 49 90 156 162 605 768 791 822 969 1199 1234 1434 1701
61 102 261 346 419 424 545 641 1114 1122 1617 1702 1703 1704 1705
40 550 962 1233 1314 1706 1707
39 42 49 111 502 534 617 654 1106 1252 1558 1708 1709 1710 1711 1712 1713 1714 1715 1716 1717 1718
40 42 49 277 337 345 571 1131 1208 1466 1602 1719 1720 1721 1722 1723
33 40 49 300 1012 1724 1725
118 951 1726 1727
39 50 682 1233 1344 1728 1729
40 847 945 1199
33 49 863
104 1730 1731 1732
33 39 1591
33 39 40 42 171 272 741 1139 1697 1733
33 42 49 486 543 678 1275 1353 1734 1735 1736 1737 1738 1739 1740
39 40 42 111 904 979 1741 1742 1743
37 39 40 42 49 151 249 380 549 571 1215 1643 1744 1745 1746 1747 1748
162 385 671
40 42 49 678 1749 1750 1751
16 100 102 118 181 197 238 311 364 442 551 732 806 977 979 1071 1083 1113 1161 1234 1391 1457 1529 1658 1752 1753 1754 1755 1756 1757 1758 1759 1760 1761 1762 1763 1764 1765 1766 1767 1768 1769 1770
27 39 40 57 124 277 588 773 948 1518 1771 1772 1773 1774 1775 1776
40 49 221 593 678 1016 1777 1778 1779 1780 1781 1782 1783 1784
40 49 180 476 704 728 1632 1700 1771 1776 1785 1786 1787 1788 1789 1790
39 40 171 1791 1792 1793 1794
40 49 156 207 536 1765 1795 1796
40 49 1797 1798
39 106 1799
39 372 1800 1801
40 196 256 790 1003 1529 1691 1759 1802 1803 1804 1805 1806 1807 1808
40 42 49 252 959 1809 1810 1811 1812
42 49 362 459 690 1106 1813 1814 1815 1816
40 124 398 415 931 1362 1817 1818 1819 1820 1821 1822 1823 1824 1825
39 49 111 202 1689
39 49 372 415 836 879 1826 1827 1828 1829 1830
49 897 1831 1832 1833
40
49 250 1436 1834 1835 1836
39 40 42 49 171 267 358 439 916 1281 1837 1838 1839 1840 1841 1842 1843 1844 1845
40 90 202 360 573 979 1394 1436 1846 1847 1848
33 40 42 209 504 588 836 1412 1542 1658 1849 1850 1851 1852 1853 1854
26 40 49 92 151 238 360 550 572 617 808 832 879 886 962 1091 1292 1599 1855 1856 1857 1858 1859 1860
40 741 1011 1861 1862
1863 1864
40 49 90 431 825 1865 1866 1867 1868
33 42 49 66 67 314 339 476 662 1337 1345 1869 1870 1871 1872 1873
238 795 893 1476 1701 1874 1875 1876 1877 1878
40 42 66 613 809 957 1879 1880 1881 1882 1883
39 56 980 1884 1885 1886 1887 1888
40 250 1361 1889 1890 1891
40 49 304
353 1109
1892
39 40 42 397 549 1591 1873
40 940
39 40 42 46 49 90 102 171 238 385 593 810 1001 1240 1328 1437 1553
33 39 40 42 810 886 1728
33 40 49 751 910 1673 1893 1894 1895
40 49 55 79 90 102 545 587 786 1069 1881 1896
351 600 1897
90 1898 1899
40 97 285 1373 1900 1901 1902 1903 1904
40 49 1815 1905
39 40 42 49 66 72 90 250 360 366 490 572 742 806 1104 1429 1482 1514 1577 1579 1832 1906 1907 1908 1909 1910 1911 1912 1913 1914 1915 1916 1917
217 1918
33 40 42 49 108 137 341 437 448 577 834 1106 1136 1482 1499 1919 1920 1921 1922 1923 1924
49 1925 1926 1927 1928
39 40 42 49 111 801 942
2 49 865 1195 1433 1929
806 992 1001 1418 1601 1930 1931 1932 1933 1934
28 42 270 380 1592 1935
40 49 256 311 582 640 714 1936 1937 1938 1939
40 42 49
40 49 117 440 990 1940
1941 1942
39 372 499 519 951 1012 1715 1793 1923 1943 1944 1945 1946 1947
40 90 704 904 969 1234 1436 1948
311 1667 1737 1949 1950 1951
40 42 1952
34 40 49 66 79 256 575 1953 1954 1955 1956 1957
1228 1612 1958 1959 1960
33 40 1746 1961 1962
33 40 153
40 1963
39 40 49 324 372 1964 1965
40 735 1966
40 49 762 1592 1967
33 49 63 1136 1273 1968 1969 1970 1971 1972 1973
33 40 42 272 422 1974
38 39 42 90 185 342 670 1975 1976
238 1477 1613 1977 1978 1979
825 1193 1643 1980 1981
40 108 109 341 465 571 613 857 1980 1981 1982 1983 1984
33 1985 1986
40 49 613 1579
40 42
49 79 439
40 500
39 171 201 964 1987 1988
256
243 1989 1990
40 49 432 550 994 1489
40 90 980 1141 1548 1991 1992
40 489 549 1197 1441 1993 1994 1995 1996 1997 1998 1999
33 40 49 335 364 590 605 638 1052 2000 2001 2002 2003
40 49
1199
382 847 2004 2005 2006
49 866 1810 2007
40 42 49 260 270 565 612 1136 1348 1711 1854 1970 2008 2009 2010 2011 2012 2013
33 206 571 969 2014
40 49 185 573 1095 1266 1586 2015 2016 2017 2018
39 40 111
33 38 39 40 42 90 904 1460 2019 2020 2021 2022 2023
37 39 118 451 551 1250
266 322 2024
39 40 171 741 867 899 1177 1186 2025 2026
39 118 124 171 341 551 977 1310 1877 2027 2028 2029 2030 2031 2032 2033 2034 2035
33 42 179 442 512
38 39 40 767 1179 1439 1589 1697 2036 2037 2038 2039 2040 2041 2042 2043
49 137 442 2044 2045
360 2046
2047
143 1569
2048
33 2049
19 40 948
39 40 171
37 39 40 49 275 977 1328 1655 1780 2050 2051 2052 2053 2054 2055 2056 2057 2058
39 40 42 49 476 1591
40 1335 1557 2059 2060 2061 2062
923 2063
40 250 279 2064
40 414 890 980 1199 1868 2065 2066
10 32 40 209 303 311 665 951 1199 1914 2007 2067 2068 2069
40 49
39 42 287 1426
40 42 49 1991
95 165 167 209 248 270 366 571 624 684 685 693 716 852 1066 1199 1234 1295 1405 1485 1570 2070 2071 2072 2073 2074 2075 2076 2077 2078 2079 2080 2081 2082 2083 2084 2085
40
33 40 132 224 1436 1531 2086
42 1601 2087 2088 2089
10 40 42 49 250 274 298 642 1211 1350 1533 1828 2065 2090 2091 2092 2093 2094 2095 2096 2097
40 49 505 810
40 42 49 66 81 465 985 2098 2099 2100 2101
40 42 49 353 548 677 953 1860 2102 2103 2104
40 42 96 97 342 385 961 1092 1900 2105
12 32 49 118 641 923 977 1464 1638 1793 2106 2107
33 49 637 750 1321 1351 2108
40 49 476 1346 2109
40 42 741 1792 1830 2110 2111
33 981 1659 2112 2113 2114
39 40 96 171 2115
23 124 693 983 1411 2116 2117 2118 2119 2120 2121 2122 2123 2124 2125 2126 2127
20 44 49 350 551 616 814 862 960 977 1275 1370 1495 1504 1539 1625 1751 1816 2003 2061 2128 2129 2130 2131 2132 2133 2134 2135 2136 2137 2138 2139 2140 2141 2142 2143 2144 2145 2146 2147 2148 2149 2150 2151
42 49 148 151 186 201 312 314 440 452 544 740 764 818 852 905 927 1083 1160 1234 1394 1400 1664 2012 2075 2152 2153 2154 2155 2156 2157 2158 2159 2160 2161 2162 2163
40 270 658 1362 1743 2164 2165
39 40 42 49 287
39 40 42 49 111 124 238 479 2166
39 40 186 957 1416 1530 2167 2168
40 49 247
40 42 750 1579 1599 2169 2170 2171
39 69 282 536 1014 1865 1878 2172 2173
442 1416 2174
24 40 79 102 168 683 1185 2175 2176 2177
105 157 174 265 644 1900 2178 2179 2180 2181
18 33 40 61 605 917 2182 2183 2184
40 49 201 238 257 674 784 1954 2155 2185 2186 2187 2188 2189 2190 2191 2192
39 48 49 382 1350 1714 2193
40 741 1660
49 773 2194
40 476 523 2195
42 49 66 96 853 1012 1669 2196 2197 2198
33 40 42 49 102 128 2044
37 39 42 2199 2200
40 90 523 751 1222 1952 2201 2202 2203 2204 2205
39 40 42 49 391 825 856 993 2206 2207
40 247 500 1877 2208 2209
39 40 505 994 1436 2099
40 42 49 90 311
90 661 1193 2210 2211 2212
38 39 40 42 49 256 450 592 1073 1330 1697
39 171 221 233 1470 2213
40 342
49 2214
37 39 40 41 42 43 45 46 77 105 250 341 347 1418 1805 2123 2215 2216 2217 2218 2219 2220
274 523 1660 1689 1931 2170 2221 2222 2223 2224 2225
33 39 42 49 89 129 153 260 272 372 665 750 856 957 2205 2226 2227 2228 2229 2230 2231 2232 2233 2234 2235 2236 2237 2238 2239
33 247 1745 2240 2241 2242 2243 2244
40 190 550 676 900 979 1473 2245 2246 2247 2248 2249 2250 2251 2252 2253 2254 2255 2256 2257 2258 2259 2260 2261
39 40 42 49 1189 1425 1937 2262 2263 2264 2265 2266 2267
39 40 49 111 1328 1553 1660 2268 2269 2270
40 523 1243
33 40 49 265 283 2271
40 49 2272 2273 2274
492 707 1839 1878 2275 2276
2200 2277
39 40 49 69 171 179 311 644 724 1328 1684 2278
40 480 571 607 721 1394 2279 2280 2281 2282 2283 2284 2285
40 846 2286 2287
39 42 49 249 489 706 791 1592 2288
39 105 111 238 571 720 1474 1710
33 40 42 476 628 1485 2289 2290 2291 2292 2293
33 40 350 1104 1208 1457 1763 2294 2295 2296 2297
40 157 385 712 1509 1912 2298 2299
39 42 57 111 2300
185 188 340 2088 2301 2302 2303 2304 2305 2306 2307 2308 2309 2310
39 111 2311
40 514
39 49 171 351
39 40 42 49 111 1328
40 49 313 796 797 1819 2312 2313
40 72 605 2314
40 114 409 414 655 945 1736 2213 2315 2316 2317 2318 2319 2320
2321 2322
39 40 66 73 81 96 151 171 587 724 971 1125 1343 2323 2324 2325 2326 2327 2328
38 39 2329 2330
61
40 1122 1147 1233 1957 2331
37 39 40 42 722 953 977 1250 1437 2107 2332
33 39 157 267 287 804 1366 2333
164 1145 2334
39 111 1700 2335
39 49 70 171 213 464 547 704 980 1162 1394 1439 1612 2260 2336 2337 2338 2339 2340 2341 2342
49 435 1328 2343 2344
40 42 49 527 534 682 1426 2016 2345
12 40 49 61 134 311 331 968 1061 1082 1138 2346 2347 2348 2349 2350 2351
39 171
37 39 40 42 49 66 256 311 339 492 590 695 1199 1930 2167 2187 2352 2353 2354
40 49 105 148 180 1180 2352 2355 2356 2357
40 226 243
39 40 42 49 63 80 251 260 270 346 640 678 791 1590 2358
33 1737 1917 2359
40 2360 2361
37 40 174 409 526 1199 2362 2363
49 1061 2364 2365
2366
586 741 2113 2367 2368 2369
40 49 425 523 754 779 1416 2370 2371 2372
40 750 977 1250 1350 1410 1868 2355 2373 2374 2375 2376
1127 2377
39 111
42 80 476 856 1091 1281 1630 2378 2379 2380
2381 2382 2383 2384
40 49 52 1974
2385
77 833 917 1199 1412 1594 1597 1660 1815 2386 2387 2388 2389 2390 2391
40 49 752
40 49 247 516 566 703 971 1815 1973 2392 2393 2394
39 42 505 1589
39 40 171 571 1464 1465 2395
502
607
40 1527 2264 2396 2397 2398
40 339 994 1586 2239 2399 2400
40 49 370 697 698 743 744 1045 1931 2401 2402 2403
40 49 1053 1105 1188 2404 2405
42 49 80 750 2406 2407
40 42 271 798 1113 1154 1155 1283 1385 1386 2239 2408
20 40 46 66 69 176 350 419 641 832 843 1199 1231 1292 1315 1705 2066 2409 2410 2411
40 1012 2025 2412 2413
40 293 691 790 1536 2365 2414 2415 2416
40
33 40 49 76 492 856 888 1478 2417 2418
40 49 1931
40 49 484 2419 2420 2421
38 39 40 42 49 1139 2391
33 66 446 1148 1265 2422
40 42 266 303 506 1256 2291
2 40 42 61 272 414 790 840 1013 1234 1292 2423 2424 2425 2426 2427 2428 2429 2430
33 40 49 1470 2431 2432
506 2433
37 39 40 42 49 784 1328 1457 2434 2435
37 39 171 1103 1916 1917 2436 2437
33 40 42 49 280 856 1525 2438
40 390
31 40 42 96 442 1199 1207 2311 2439 2440 2441 2442 2443
180 260 382 464 678 878 944 1328 2444 2445 2446 2447 2448
37 40 80 352 512 1660 2449 2450
40 226 272 2226 2451
328 439 717
9 40 49 50 118 125 213 551 607 773 856 977 1141 1231 1469 1486 1790 1873 2073 2097 2266 2359 2421 2452 2453 2454 2455 2456 2457 2458 2459 2460
439 474 602 959 2226
23 39 49 111 165 167 209 271 476 516 922 1096 1319 1780 2050 2085 2224 2461 2462 2463 2464 2465 2466 2467
237 1328 2468 2469
39 40 349 372 773 1710 1784 2118 2470 2471 2472 2473 2474
142
40 49 1631 2291
40 42 598 2475
40 593 990
571 2040 2476 2477
48 665 2478
40 665 1328
38 39 40 49 171 184 2479 2480
37 39 40
40 42 49
39 40 49 111 856 1240 2481 2482
40 49 1294
40 49 1147
40 42 49 156 180 223 250 270 280 290 325 549 773 794 900 959 1005 1261 1328 1434 1737 1937 2047 2330 2483 2484 2485 2486 2487 2488 2489 2490 2491 2492 2493 2494
49 2479 2495
39 106 282
40 1328 2496
33 40 42 125 148 856 1977 2255 2497 2498 2499 2500
22 32 33 39 287 382 637 678 1071 1263 2501 2502 2503 2504 2505
37 39 40 556 758 2171 2226 2311 2506 2507 2508
39 40 42 49 50 57 187 282 358 391 682 878 1029 1069 1364 1393 1882 2030 2242 2264 2330 2437 2509 2510 2511 2512 2513 2514 2515 2516 2517 2518 2519 2520
40 49 476 1004 1353 1533 2130 2521
40 42 49 102 311 399 616 1021 1223 1957 2031 2351 2522 2523 2524 2525 2526
40 49 66 228 272 341 561 667 1131 1177 1339 1340 1374 1797 1903 2148 2527 2528 2529 2530 2531 2532 2533 2534 2535 2536 2537 2538 2539 2540
125 547 695 1328 2081 2541 2542 2543
40 42 49 90 2544
40 1328
12 40 42 434 665 1656 2545 2546 2547
49 665 856 2548 2549 2550
40 49 346 1997 2551
39 40 171 806 2552
42 80 202 226 784 849 879 1057 1199 1894 2553 2554 2555
124 825 2556
665 675 856 2216 2557 2558
42 489 717 2559 2560 2561
39 40 111 1210
33 39 40 49 111 1180
49 102 353 414 465 514 662 730 1016 1224 1328 1340 2530 2562 2563 2564 2565
40 49 66 147
49 1199 1328 1436 2059 2376 2566
40 49 1328
33 39 111
31 32 40 42 49 66 118 196 380 523 977 1316 2161 2567 2568
40 171 512
24 260 1328
40 627 813 1069 1992 2092 2311 2569
28 382 1477 2211
271 390 1957 2206 2330 2570 2571
16 252 262 381 384 399 407 493 523 1068 1198 1258 2188 2572 2573 2574 2575 2576
33 39 40 42 49 111 534
40 42 49
40 350 795
226 549 682 931
33 39 40 49 50 493 549 592 665 774 775 821 1180 1189 1355 1379 1381 2027 2118 2432 2577 2578 2579 2580 2581 2582 2583 2584 2585 2586 2587 2588 2589 2590
40 77 433 665 2591
40 583 1710 2155 2200
40 49 90 202 256 291 786 840 1001 1328 1599 1880 2592 2593 2594 2595 2596 2597 2598 2599 2600
509 1656 1660 2601
38 39 40 49 856 1223 2602
40 1111 1255 1594 2140 2379 2574 2603 2604 2605 2606 2607 2608 2609
39 118 171 180 731 977 1015 1016 1199 1682 2119 2216 2355 2464 2610 2611 2612 2613 2614 2615 2616 2617 2618 2619 2620
33 124 233 238 479 549 709 780 879 1114 1586 1703 1995 2031 2054 2522 2603 2621 2622 2623 2624
33 39 40 49 56 665 852 1070 1298 1328 1716 2345 2396 2625 2626 2627 2628
40 42 49 1328 1904 2241 2617 2629 2630 2631
40 49 124 593 939 1967 2632 2633
37 39 40 42
40 1253 1660 2260 2521 2634
39 49 111
40 49 2260 2635
40 49
40 42 66 302 380 1328 2136 2636
33 49 1264 1484 1517 1631 1948 1957 2637 2638 2639 2640 2641 2642
2073 2181 2643 2644
49 408 623 644 825 2129 2166 2637 2645 2646 2647 2648 2649
37 39 171
49 50 214 523 590 704 1553 1965 2107 2650 2651
33 39 66 91 593 678 697 700 745 752 767 1055 1350 1610 1740 1832 1915 2035 2652 2653 2654 2655 2656 2657
40 1784
40 42 311 1328 2658
2 40 949 1784 2351
40 42 49 2659 2660 2661
40 49
40 49 80 390 512 926 928 1090 1282 1328 1544 2662 2663 2664
10 23 40 102 180 452 522 543 652 705 764 948 971 987 1021 1301 1302 1303 1304 1403 1848 2108 2117 2120 2390 2437 2512 2630 2665 2666 2667 2668 2669 2670 2671 2672 2673 2674 2675 2676
40
39 40 42 49 111 2677
37 39 40 49 273 365 534 644 1234 1328 1476 1480 1825 2678 2679
40 238 1328
1917 2680
49 71 571 1639 1815 1873 2681 2682 2683 2684 2685
49 286 593 1544 2686 2687 2688
2352 2689 2690
49 90 99 102 151 397 619 818 1125 1926 2239 2541 2691 2692 2693
40
33 40 49 427 1030 2694 2695 2696 2697 2698
33 40 2699
1192 2700
40 873 1747 1828 2701
28 626 867 917 1012 1160 1500 1595 2183 2624 2702 2703 2704 2705 2706 2707
33 49 512 856 2708 2709 2710
19 40 46 102 311 566 582 927 2655 2711
40 103 426 732 856 1660 1900 2712
39 40 42 157 171 196 350 672 1328 1391 1438 1537 2165 2209 2371 2713 2714 2715 2716
256 1394 2202
49 316 886 1866 2555 2717 2718 2719 2720
39 40 42 49 111 1530 2721
40 42 80 682 695 714 1186 1328 1854 1977 2081 2152 2722 2723
40 2724
49 90 980 1106 1124 1141 1349 1941 2076 2366 2681 2725 2726 2727
39 40 42 102 171 274 335 439 741
40 42 49
49 888 1068 2263 2490 2526 2728 2729 2730 2731 2732 2733 2734 2735
40 219 590 886 1029 1474 2065 2736 2737
38 39 1500 2738 2739
40 42 49 272 825 1616 1807 2368
33 49
1199 1868 2740
33 40 272
185 2042
33 40 49 284 311 375 435 572 751 754 925 969 1249 1328 1768 1812 2507 2636 2651 2741 2742 2743
33 40 42 80 272 311 1409 1480 1482 2744
39 57 2464
40 42 49 90 573 620 741 1014 1052 1054 1265 1328 1776 2070 2083 2305 2522 2745 2746 2747 2748 2749
33 39 40 250 841 1394
42 49 93 104 740 774 2750
40 42 285 695 933 1900
39 371 391 815 1345 1496 2195
40 49 590 1234 1397 2751 2752 2753 2754
40 49 374 2553 2755
40 2756 2757 2758
40
44 1292
40
10 33 49 243 573 599 663 2059 2206 2759 2760 2761 2762 2763
59 148 180 414 453 779 1107 1405 2121 2133 2181 2603 2605 2764 2765 2766 2767 2768
571 665 1097 1487 1960 2693 2769
49 382 522 1500
1874 2238 2770 2771
39 40 42 56 678 2491 2772 2773
40 42 49 704 971
1328 2774 2775 2776 2777 2778
156 542 559 590 2779
49 1328 1892 2780 2781
40 414 1967
40 49 153 279 670 927 1328 2782 2783 2784 2785
40 2786
42 813 1015 1095 1362
37 40 83 93 287 442 810 857 1028 1394 2098 2270 2354 2570 2787 2788
90 359 624 1088 1328 2221 2789 2790
33 49 2791
39 40 42 111 351 695 1866 2470
12 39 40 42 49 79 90 95 313 358 371 380 476 534 554 605 616 665 674 758 794 798 810 858 970 1145 1155 1197 1234 1490 1660 1904 1987 1997 2165 2709 2792 2793 2794 2795 2796 2797 2798 2799 2800 2801
40 49 50 339 1660 2802
353 1860 2316 2511
39 42 162 1108 2803 2804 2805 2806 2807
40 118 648 1035 2014 2270 2686 2808 2809
39 40 49 102 111 439 1191 2704 2709 2810
40 49 450 480 857 872 2068 2458 2811 2812 2813 2814
49
40 49 94 124 256 872 2813 2815 2816 2817
40 99 590 1351
40 66 202 309 320 590 640 665 1270 1292 2066 2073 2818 2819 2820
40 62 66 613 1228 1544 1601 1981 2343 2821 2822
38 39 40 49 66 256 2033
40 42 49 2823 2824
238 1834 1859 2825 2826 2827 2828 2829 2830
33 40 124 476 927 1014 1236 1328 1608 2831 2832
37 39 968 1061
33 523 2201 2833
186 187 615 1981 2359 2834 2835 2836
40 238 1011 1810
37 39 40 49 865 1328 2837 2838
40 49 50 250 265 728 1993 2080 2781 2839 2840
37 39 49 335 439 2226
39 40 49 372 439 551 1909 2447 2841
33 40 49 148 180 187 551 1565 2431 2842 2843
33 40 42 2844 2845
40 42 310 948 1081 1380 1381 2165 2813 2846
33 38 39 44 162 439 2847
33 81 415 501 1230 2101 2659 2848 2849
40 42 49 157 250 265 311 1210 1346 1361 1521 2850 2851 2852
49 124 204 244 582 704 771 940 1230 1388 1679 1729 1790 1995 2853 2854 2855 2856 2857
40 110 197 1576 1613 2858 2859 2860
1825 2861 2862
40 49 200 250 256 534 624 735 825 886 894 1737 2863 2864 2865 2866 2867
40 49 1195 1815 2868 2869 2870
39 40 42 118 171 758 977 1199 1328 1470 2363 2365 2871 2872 2873
10 40 42 349 988 1024 1234 1995 2049 2157 2409 2516 2793 2854 2874 2875 2876 2877 2878 2879 2880 2881 2882
40 42 207 810 2883
37 39 40 42 102 260 795 953 2884
40 49 159 160 261 571 654 764 1260 1410 1426 1537 1660 1743 2172 2885 2886 2887
228 230 613 665 730 731 732 1005 1180 1282 1328 1599 1699 1879 2044 2330 2888 2889 2890 2891 2892
93 187 296 414 799 830 1012 1295 1418 1594 1937 2389 2853 2855 2893 2894 2895 2896 2897 2898 2899 2900 2901 2902 2903 2904 2905
12 39 40 42 77 210 346 426 467 476 834 855 879 966 1283 1558 1962 2806 2906 2907
39 40 49 1530
40 49 439 476 551 941 1250 1394 2908 2909
39 171
49 979 980 2345 2910
439 1284 2911 2912 2913
42 66 593 982 1860 2914 2915
40 49 2188 2916
42 49 311 423 490 533 1240 1660 2353 2917 2918
156 439 590 1334 2919
40 42 1328
33 40 49 127 607 810 1328 1593 1656 2178 2379 2702 2920 2921 2922 2923 2924 2925
33 2916
40 49 256 1328 1792 1933 1992 2018 2226 2926 2927 2928 2929 2930 2931
33 40 50 476 953 1317 1434 1601 2932 2933 2934
40 42 263 465 971 1291 1803 2050 2124 2674 2935 2936 2937 2938 2939 2940
33 40
260 280 593 626 1432 1924 2183 2941 2942
49 230 476 1395 1514 2243 2524 2801 2943 2944 2945
40 49 67 87 124 290 335 741 1328 1502 2567 2801 2946
33 213 2947
39 40 90 1832
1217 2948
40 42 49 1328 2200
49 1328
33 39 40 665 1766 2806 2949
40 238 1030 2950 2951 2952
12 33 40 49 102 198 534 600 676 790 1328 1670 2707 2764 2809 2953 2954 2955 2956
39 287 677 2332
40 1701 2957
400 753 1328 2958
40 439 741 2959 2960
593 1834 2961 2962 2963
49 1181
12 40 49 665 735 888 1363 1369 2218 2490 2964
40 108 204 465 549 624 758 879 1002 1011 1328 1396 1809 2080 2232 2287 2503 2965 2966 2967 2968 2969 2970 2971 2972
10 20 33 42 325 439 804 2231 2232 2973 2974 2975
40 42 49 77 156 209 423 590 625 627 695 747 764 795 834 1013 1276 1282 1334 1422 1559 1635 1747 1828 2081 2326 2674 2976 2977 2978 2979 2980 2981 2982 2983 2984 2985 2986 2987
42 49 593 852 1471 2386 2988 2989
40 49 2345 2990
40 42 86 752 1328 2345 2425 2991
40 42 665 2631 2903
40 42 148 770 1426 2260 2916 2992
435 1890 2884 2972
33 40 42 49 1338 1616 1854 2993 2994 2995
33 259 260 360 2996 2997 2998 2999
49 302 422 537 594 858 983 995 1810 2528 3000 3001 3002 3003
49 1340 3004
1328 1421
33 39 49 111 353 1286 1860 2421 3005
39 40 3006
10 33 311 434 469 718 862 1141 2650 2802 3007 3008 3009 3010 3011 3012 3013
40 42 856
7 40 1426 1604 2543 2709 3014 3015 3016 3017 3018
39 49 282 1328 3019 3020 3021 3022
39 40 157 545 841 3006
39 40 46 49 96 287 665 1415 2512 2551 2934 2977 3023
704 2165 3024
9 40 49 118 137 196 549 760 984 1578 3025 3026 3027 3028 3029 3030 3031 3032 3033 3034 3035
3 33 39 40 48 49 1482 2677 2854 2875 3036 3037
762 1175 1292 3038 3039 3040 3041 3042
977 1024 2213 3043 3044 3045
663 3046
33 40 42 238 271 665 856 1044 1108 1164 1180 1502 1682 1865 2259 3047 3048 3049 3050 3051 3052
39 40 67 252 272 852 1832 2075 2375 2627 2988 3053
40 42 148 593 957 2697 3054 3055 3056
40 49 104 439 807 936 1490 2748 3057 3058 3059 3060
42 49 252 1593 1743
40 49 250 3061 3062
39 40 49 287
40 42 49 790 813 1669
22 40 49 77 367 613 779 832 943 1350 1440 1680 1939 2663 3011 3063 3064 3065
40 49 665
39 40 42 49 256 337 391 435 478 641 3066 3067 3068 3069 3070 3071 3072
33 40 49 954 3073 3074
40 67 81 118 335 551 866 977 983 1228 1328 1373 1482 2426 2539 3075
33 40 49 665 1471 3076
40 49 1328 1344 1986 3077
33 206 1328 1504
39 40 179 287 383 2354 2613 3078
40 49 335 3079
40 49 149 439 794
40 235
338 450 825 917 1233 3080 3081 3082
40 49 66 238 240 590 696 1223 1482 1987 2555 2622 2725
40 42 80 311 571 3083 3084
40 179 271
40 42 49 196 256 285 571 715 810 897 1199 1394 1830 1937 1988 2305 2329 2665 2941 3085 3086 3087 3088 3089 3090 3091 3092 3093
40 49 1391 1548 3094
40 1920 1936 2285 3095
40 42 49 366 607
40 677 1604 3096
17 49 66 116 117 810 1160 1328 1470 1807 1988 2403 3097 3098 3099 3100
1733 2888 3101
39 42 49 56
493 2192 3102
40 42 265 2251 3103
40 49 259 339 366
40 49 256 3104 3105
40 3106
37 39 40 605
16 87 549 925
40 49 842 1048
40 850
42 49 385 2446 2507
38 39 40 505 1011 3107
611 1490
50 342
1 40 49 256 311 417 676 690 941 977 1052 1275 1431 1847 1849 2476 2812 3108 3109 3110 3111
42 49 302 790 1053 1729 3112 3113
39 171 272
40 42 49
431
39 40 49 157 171 180 503 677 825 980 2345 3114 3115 3116 3117 3118 3119 3120 3121 3122 3123 3124
39 106
40 49 439 752 1129 3125 3126
16 39 40 42 49 106 148 486 572 1174 3127 3128
7 20 40 49 61 124 265 302 407 419 1424 1680 1750 2051 3129 3130 3131 3132
40 911 957 1518 2328 2896 3047 3133
33 165 439 3134 3135 3136 3137
40 42 261 957 1082 1328 1361
33 39 40 48 49 2379 3138 3139
40 49 439 704 3140 3141 3142
39 40 42 49 56 171 226
11 40 49 80 515 676 1576 2255 3143
39 40 56 287 523 3144 3145 3146 3147 3148
40 42 49 78 91 271 762 1005 2345 3149
40 442 603 886 3150
42 49 252 478 960 1586 1992 2240
40 42 49 66 82 102 177 311 339 348 436 446 465 523 534 605 957 959 962 1025 1122 1255 1496 2192 3151 3152
39 106 768 1701 3153
40 272 1514
49 66 108 148 180 181 256 571 831 832 968 1116 1140 1331 1456 2441 3154 3155 3156 3157 3158 3159
40 186 256 311 465 480 1050 1992 2812
42 128 595 1106 1140 3160 3161
40 104 238 277 390 523
40 42 555 992 2215 3162
40 49 665
39 40 171 722 1281 2095 2766 3163
49 90 156 590 1699 2988 3164
39 40 171
33 40 371 496 820 914
1929
49 3158
33 49 1046 1047 1138 1670 3165 3166 3167
40 42 226 272 695 856 1122 1939 3168
39 40 48 49 282 476 707 846 1318 2860 3169 3170
33 40 226 3171
33 39 49 56 311 3172
33 37 39 40 42 49 90 111 682 941 1291 1705 2066 3109 3173 3174 3175 3176 3177 3178 3179
1199 3180 3181 3182
