1 2 3 4 5 6 7 8 9 10 11 12 13 14 15 16 17 18 19 20 21 22 23 24 25 26 27 28 29 30
31 32 33
34 35 36
37 38 39 40 41 42 43 44 45 46 47
39 40 48 49
39 40 49 50 51 52 53 54 55 56 57 58 59
33 42 60 61 62 63
4 40 49
64 65 66 67 68 69
33 70
49 71 72 73
40 74 75 76 77 78 79 80
37 39 40 42 49 80 81 82
83 84 85
42 86 87 88 89
40 49 90 91 92 93 94 95 96 97 98 99 100 101 102
37 39 40 49 90
40 42 103 104 105 106 107 108 109
39 40 42 110 111
40 112 113 114 115 116 117 118 119
120 121 122 123 124 125 126 127 128 129 130 131 132 133 134
49 135 136 137
40 49 138 139 140 141 142 143 144 145 146 147 148 149 150
40 151 152 153
39 40 57 154 155 156
49 157 158 159 160 161
40 42 49
162 163 164 165 166 167 168
39 40 49 169 170 171 172 173 174
33 40 42 49 175 176 177 178 179
33 39 40 48 49 180 181 182 183 184
40 185 186 187
37 39 42 49 141 188 189
40 49 187 190 191 192 193 194 195 196 197 198 199 200 201
40 202 203 204 205 206 207 208 209 210
40 66 194 211 212 213 214 215 216
180 217 218 219 220 221 222 223 224 225
226 227 228
40 42 49 229 230 231 232
37 39 40 233 234 235 236 237 238 239 240 241 242 243
40 244 245 246
40 42 49 247 248 249 250 251
40 49 66 252 253 254
49 231 255
40 49 67 79 243 256 257 258 259 260 261 262
40 49 263
37 39 40 226 264 265 266 267 268
40 243 269 270 271 272
40 49 80 147 238 257 273 274
275
33 39 40 49 276 277 278 279 280 281 282 283 284
40 49 69
39 40 49 96 97 106 285 286 287 288
40 42 49 213 289 290 291 292 293 294 295 296 297 298 299 300
301 302 303
37 39 40 106 304 305 306 307 308 309 310 311 312 313 314 315 316 317 318 319 320 321 322
11 323 324 325 326 327 328
40 49 153 162 329
40 330 331
49 332 333 334 335 336 337 338 339 340
19 38 39 42 49 148 341 342 343 344 345 346 347 348
33 40 42 49 349 350 351
49 352 353 354 355 356 357 358 359 360 361 362 363 364 365
366 367
39 40 42 49 61 368 369 370 371 372 373 374 375 376
2 12 40 42 49 66 90 377 378 379 380 381 382 383 384 385 386
387 388 389 390
39 42 391
39 56 392
33 44 152 153 202 259 341 393 394 395 396 397 398 399 400
339 401 402 403 404 405
40 406 407 408
49 90 102 180 187 259 341 409 410 411 412 413 414 415 416 417 418 419 420 421 422 423
40 46 49 249 424 425 426 427
142 345 428 429 430 431 432
40 433 434 435
40 49 66 436 437 438 439
16 24 37 39 49 124 230 292 332 338 391 440 441 442 443 444 445 446 447 448 449 450 451
49 452 453 454 455 456 457 458 459 460 461
38 39 49 148 175 462 463 464 465 466 467 468 469 470 471 472
40 49 473 474 475 476
40 42 477
478 479 480
40 162 481 482 483 484 485 486 487
33 40 42 49 153 238 397
39 40 42 106 111 488
61 382
12 40 49 256 489 490 491 492 493 494 495 496 497 498 499 500 501
40
42 111 502
33 39 40 49 171 179 503 504
39 42 505
226 233 348 506 507 508 509 510 511 512 513 514 515 516
39 40 42 49 171 190 226 271 517
40 49
39 40 282 518
3 519 520 521
311 522 523
42 524 525
49 311 417 522 523 526 527 528 529 530 531 532
39 40 111 533
19 39 48 49 90 259 294 339 366 534 535 536 537 538 539 540 541 542 543 544 545
40 49 107 108 265 309 385 499 546 547 548 549 550
40 49 313 551 552 553 554 555 556 557 558 559
33 40 42 49 90 130 256 358 368 369 409 492 553 560 561 562 563 564 565 566 567 568 569 570 571
39 171 202 572
40 42 49 573 574 575 576
39 40 162 282
37 39 49 79 156 577 578 579 580 581 582 583 584 585 586 587 588 589 590 591 592
40 49 593 594 595 596 597 598 599 600 601
40 179 602 603
39 40 171 208 604 605 606 607
127 291 293 549 608 609 610 611 612 613 614 615 616 617 618 619 620 621 622 623 624 625
626 627
40 49 628
40 42 49 135 273 476 629 630 631 632 633 634 635 636 637
40 49
39 40 42 49 90 111 638 639 640
39 49 171 243 256 390 605 641 642 643 644 645 646 647 648
37 39 40 272
40
40 90 187 544 649 650 651 652 653 654 655
42 512 656 657 658
40 49 659
40 49 202 660 661 662 663 664 665 666 667 668 669 670 671 672 673 674 675 676
40 42 677 678 679 680
40 73 366
40 681 682
24 40 42 49 261 358 471 683 684 685 686 687 688 689 690 691 692 693 694
38 39 40 49 695
33 40 167 347 534 696 697 698 699 700 701 702 703 704 705
13 40 579 598 706 707 708 709 710 711 712 713
40 156 339 714 715
38 39 40 42 49 171 434 716 717 718
719 720
40 49 151 161 721
20 37 39 40 42 49 249 544 722 723 724 725 726 727 728 729 730 731 732 733 734 735 736 737 738 739 740 741
42 49 742 743 744 745 746
11 747
10 40 42
748
360 749
10 228 716 750 751 752 753 754 755 756
40 49 69 650 757 758 759 760 761 762 763 764
210 212 243 619 638 652 765 766 767
648 768 769 770
40 42 771
39 287 360
39 111
20 40 285 421 772 773
40 49 774 775
38 39 111 335 776 777 778 779 780
12 40 42 49 68 103 226 229 279 565 781 782 783 784 785 786 787 788 789 790
39 40 42 791 792
39 40 49 287
39 40 42 48 49 62 151 313 442 562 623 650 793 794 795 796 797 798 799 800 801 802 803 804 805 806
49 769 807
39 42 171 421
39 287
40 42 49 808 809 810
33 42 421 811
40 49 90 812 813
1 40 49 66 121 182 731 814 815 816 817 818
23 33 40 819 820
40 42 807 821 822 823 824
40 49 180 491 571 573 650 724 825 826 827 828 829 830 831 832 833 834 835
37 39 484 493 741 836 837 838
39 839 840 841 842 843
49 799 844 845 846 847
10 40 49 705 768 810 848 849 850
10 39 40 171 331 715 851 852 853 854
40 42 49 855
238 856 857
40 46 49 523 536 682 858 859 860 861
40 49 862 863
40 49 360
39 40 49 111 162 864 865 866 867
442 646 868 869 870 871 872 873 874 875 876 877 878 879 880 881 882 883 884 885 886
40 42 162 260 261 887 888 889
40 49 799 860 890 891
40 49 102 250 256 279 442 480 496 586 679 810 892 893 894 895 896 897 898 899 900 901 902 903 904 905 906 907
40 908
49 66 909 910 911 912 913 914
39 40 49 171 304 495 915 916
32 40 42 94 917
210 918 919 920 921 922
33 39 40 42 48 192 210 349 391 423 442 548 646 878 923 924 925 926 927 928 929
33 49 271 512 751 930 931 932 933
33 39 40 42 43 171 179 214 273 512 590 934 935 936 937 938 939 940 941 942
40 49 943 944 945 946 947 948 949
39 40 49 287 950 951 952 953
40 42 350 607 666 954 955 956 957 958 959
11 40 42 49 960 961
10 49 97 108 530 550 607 790 962 963 964 965 966
40 270 385 967 968
26 33 42 118 186 233 249 341 504 531 534 763 928 969 970 971 972 973 974 975 976 977 978 979 980 981 982 983
66 77 129 137 186 536 559 613 616 731 914 917 984 985 986 987 988 989 990 991 992 993 994 995 996 997 998 999 1000 1001 1002 1003 1004 1005 1006
1007 1008 1009
40 390 990 1010 1011
40 42 49 716 756 1012 1013 1014 1015 1016 1017 1018
66 102 176 177 179 198 283 302 624 804 807 1019 1020 1021 1022 1023 1024 1025 1026 1027
40 49 238 1028
39 85 108 109 111 134 238 250 494 590 605 676 1029 1030 1031 1032 1033 1034 1035 1036 1037 1038 1039 1040 1041 1042 1043 1044
33 1045 1046 1047
40 46 49 201 260 283 360 366 397 578 590 594 752 1048 1049 1050 1051 1052
33 869 1053 1054 1055
40 42 49 349 353 455 534 694 755 1056 1057 1058
39 40 250 372 741
49 572 682 804 968 971 1032 1059 1060 1061 1062 1063
360 1064
33 39 49 171 187 366 414 476 549 637 1065 1066 1067 1068 1069 1070 1071
40 1072 1073 1074 1075 1076
49 78 102 243 572 617 823 1077 1078 1079 1080 1081 1082 1083 1084 1085 1086 1087 1088 1089 1090
40 49 256 494 1091
39 40 49 329 505 985 1092
49 261 666
40 42 49 957 1032 1093 1094 1095
33
39 171 886 1096
434 1097
32 847 1098 1099 1100 1101 1102 1103 1104
40 49 829 1105 1106 1107 1108 1109 1110 1111 1112
39 40 49 171
39 40 42 391 1113 1114 1115 1116
39 40 42 73 106 209 347 536 1117 1118 1119 1120 1121 1122 1123 1124 1125 1126 1127 1128 1129
40 42 49 76 1001 1130 1131
33 613 977 1014 1132 1133 1134 1135 1136 1137 1138 1139
40 250 1140 1141 1142 1143 1144 1145
1 40 49
39 371
40 49 156 722 767 1063 1146
33 39 40 42 49 64 111 549 1147 1148
37 39 40 42 49 56 333 442 562 741 797 798 810 886 911 957 1149 1150 1151 1152 1153 1154 1155 1156 1157 1158 1159
37 39 49 256 860 1160 1161 1162
40 49 1004 1163 1164 1165
40 49 1166 1167 1168
21 1169 1170 1171 1172
39 40 42 49 106 1173 1174
33 40
49 252 695 810 1145 1175 1176 1177 1178 1179 1180 1181
49 767 782 997 1182 1183 1184
40 49 238 494 677 953 1146 1185 1186
40 49 193 1187
29 39 40 42 162 979 1188 1189 1190 1191
40 49 124 221 476 678 1192 1193 1194 1195
1191
40 49 731 988 1196 1197
40 1198
66 202 267 342 434 523 695 867 1199 1200 1201 1202 1203 1204 1205 1206 1207 1208
69 262 629 1209 1210 1211
33 39 42 111 598 1212 1213 1214 1215
24 40 49 102 256 605 815 1032 1216 1217 1218 1219 1220
1221 1222
188 209 271 1052 1207 1223 1224 1225 1226 1227 1228 1229
39 40 42 49 358 398 534 662 675 791 994 1068 1083 1156 1230 1231 1232 1233 1234 1235 1236 1237 1238 1239 1240 1241 1242 1243 1244 1245 1246 1247 1248
33 40 44 49 68 118 133 442 476 551 666 790 1249 1250 1251 1252
39 171
40 49 678 776 835 1161 1181 1253 1254 1255 1256 1257 1258 1259 1260 1261
650 826 1262 1263 1264 1265 1266
40 1267 1268
40 42 49 1269 1270 1271 1272 1273 1274
40 49 61 201 209 677 714 953 1275 1276 1277
37 39 42 339 341 566 669 1278 1279 1280 1281 1282 1283 1284 1285
40 49 1154 1155 1286
49 152 153 190 256 526 939 1013 1287 1288 1289 1290 1291 1292
40 42 49
39 40 42 49 111 272 1147 1293
49 1294 1295
738 1296 1297
40 49 394 825 1298 1299 1300 1301 1302 1303 1304 1305 1306 1307 1308
476 831 1275 1309
38 39 40 42 49 77 446 559 588 740 974 1310 1311 1312 1313 1314 1315 1316
40 49 50 99 124 238 286 476 876 1019 1136 1317 1318 1319 1320 1321 1322 1323 1324 1325 1326 1327 1328 1329
1330 1331
33 186 692 891 1332 1333 1334
42 49 124 223 256 1335 1336 1337 1338 1339 1340 1341 1342 1343 1344
40 49 480 1345 1346
42 49 124 256 414 426 587 623 728 790 1050 1344 1347 1348 1349 1350 1351 1352 1353
40 49 1174 1354
39 111 1181 1355 1356
40 42 96 102 309 310 375 434 686 742 744 754 861 899 980 999 1080 1081 1154 1155 1270 1357 1358 1359 1360 1361 1362 1363 1364 1365 1366 1367 1368 1369 1370 1371 1372 1373 1374 1375 1376 1377 1378 1379 1380 1381 1382 1383 1384 1385 1386 1387
40 49 335 741 988 1043 1388 1389 1390 1391 1392
39 40 171 843
39 40 49 287 1064 1393
40 1369 1394 1395
39 49 171 1396
40 752
40 49 730 760 881 1237 1397 1398 1399 1400 1401 1402 1403
21 59 102 365 400 523 550 825 838 847 1005 1404 1405 1406 1407 1408 1409
750 1410
37 39 42 256 265 1411 1412
40 49 1413 1414 1415
40 522 623
68 69 70 605 721 1416 1417 1418 1419 1420 1421
39 40 42 49 102 171 476 715 857 1319 1422 1423 1424 1425 1426 1427
40 249 585 1044 1282 1428 1429 1430 1431 1432 1433
40 49 96 196 209 214 810 1217 1434 1435 1436
1437 1438 1439
40 265 465 617 751 974 1440 1441
63 301 1442
40 42 49 740 825 1443 1444
40 49 189 1445 1446 1447
40 46 49 90 335
302 884 1448 1449 1450 1451 1452 1453
40 335 1280
6 201 433 536 582 862 1388 1454 1455 1456 1457 1458 1459 1460 1461 1462 1463
39 40 291 841 860 1464 1465
11 40 49 50 1005 1143 1259 1466 1467 1468 1469 1470 1471
33 40 42 49 302 311 605 720 1083 1278 1472 1473 1474 1475 1476 1477 1478 1479 1480 1481 1482
37 39 40 271 1130
40 42 185 205 1388 1466 1483 1484 1485 1486 1487
1488
39 40 61 372 1489
37 39 49 382 1490 1491
40 42 49 382 1492
40 49 270 1164 1447 1493 1494 1495 1496 1497 1498 1499
40 333 1500 1501 1502
49
40 42 249 674 1192 1503
33 137 549 550 1504
40 303 1167 1192 1331 1505
40 49 50 1506 1507 1508 1509
31 40 42 49 594 1236 1510 1511 1512 1513 1514 1515 1516 1517 1518
39 40 49 50 57 335 741 1403 1519 1520 1521
1522
49 1523 1524 1525
39 49 68 69 77 505 613 790 1526 1527
40 196 1141 1528
39 171 1529 1530
40 49 265 424 1005 1105 1531
33 40 1532 1533
718
40 49 175 442 802 1534 1535 1536 1537
157 162 311 933 1538 1539
40 49 715 1308 1437 1531 1540 1541 1542 1543 1544
10 39 40 49 66 156 171 409 421 480 590 779 825 1063 1268 1343 1434 1545 1546 1547 1548 1549 1550 1551 1552
1553
40
40 49 50 1554
40 42 332 1555 1556 1557 1558
40 49 243
102 290 523 526 759 779 825 1559 1560 1561
102 379 670 795 825 1562 1563
33 40 49 142 382 911 1136 1175 1345 1564 1565 1566 1567 1568
40 794 916 1569
40 42 95 199 341 549 678 1348 1570 1571 1572 1573 1574 1575 1576 1577 1578
40 186 262 1292 1579
33 40 42 49 426 534 593 724 750 1314 1323 1580 1581 1582 1583 1584 1585 1586 1587 1588 1589 1590
37 39 40 42 90 289 385 480 536 612 967 1591 1592 1593 1594 1595 1596 1597 1598 1599 1600
39 42 49 171 826 905 1265 1601 1602 1603 1604 1605 1606 1607 1608 1609
39 40 42 111 171 1610 1611
49 1612 1613
39 40 372 1610 1614 1615
39 49 171
40 49 247 551 735 931 1147 1616 1617
40 42 256 260 341 397 536 975 987 1015 1136 1354 1618 1619 1620 1621 1622 1623 1624 1625 1626 1627 1628
40 42 49 61 156 183 247 536 590 1275 1320 1629 1630
37 39 40 49 1631 1632
40 49 50 97 544 640 678 813 925 1005 1145 1415 1594 1630 1633 1634 1635 1636 1637 1638 1639 1640 1641
2
40 327 362 666 1485 1642 1643 1644 1645 1646 1647 1648
40 49 238 1279 1649
40 42 1650
728 1651 1652 1653 1654 1655
39 40 42 49 90 111 496 593 1292 1656 1657
60 101 162 233 283 315 379 491 493 599 605 1025 1199 1212 1658 1659 1660 1661 1662 1663 1664 1665 1666 1667 1668 1669 1670
40 49 62 551 599 867 1671 1672
33 39 40 106 414 825 1364 1673 1674 1675 1676 1677 1678 1679 1680
40 49 649 1681 1682 1683 1684 1685 1686 1687
40 42 186 235 1475 1688 1689 1690 1691 1692 1693
40 298 523 545 1694 1695 1696 1697 1698 1699 1700
33 37 39 40 741
39 40 42 49 90 156 162 605 768 791 822 969 1199 1234 1434 1701
61 102 261 346 419 424 545 641 1114 1122 1617 1702 1703 1704 1705
40 550 962 1233 1314 1706 1707
39 42 49 111 502 534 617 654 1106 1252 1558 1708 1709 1710 1711 1712 1713 1714 1715 1716 1717 1718
40 42 49 277 337 345 571 1131 1208 1466 1602 1719 1720 1721 1722 1723
33 40 49 300 1012 1724 1725
118 951 1726 1727
39 50 682 1233 1344 1728 1729
40 847 945 1199
33 49 863
104 1730 1731 1732
33 39 1591
33 39 40 42 171 272 741 1139 1697 1733
33 42 49 486 543 678 1275 1353 1734 1735 1736 1737 1738 1739 1740
39 40 42 111 904 979 1741 1742 1743
37 39 40 42 49 151 249 380 549 571 1215 1643 1744 1745 1746 1747 1748
162 385 671
40 42 49 678 1749 1750 1751
16 100 102 118 181 197 238 311 364 442 551 732 806 977 979 1071 1083 1113 1161 1234 1391 1457 1529 1658 1752 1753 1754 1755 1756 1757 1758 1759 1760 1761 1762 1763 1764 1765 1766 1767 1768 1769 1770
27 39 40 57 124 277 588 773 948 1518 1771 1772 1773 1774 1775 1776
40 49 221 593 678 1016 1777 1778 1779 1780 1781 1782 1783 1784
40 49 180 476 704 728 1632 1700 1771 1776 1785 1786 1787 1788 1789 1790
39 40 171 1791 1792 1793 1794
40 49 156 207 536 1765 1795 1796
40 49 1797 1798
39 106 1799
39 372 1800 1801
40 196 256 790 1003 1529 1691 1759 1802 1803 1804 1805 1806 1807 1808
40 42 49 252 959 1809 1810 1811 1812
42 49 362 459 690 1106 1813 1814 1815 1816
40 124 398 415 931 1362 1817 1818 1819 1820 1821 1822 1823 1824 1825
39 49 111 202 1689
39 49 372 415 836 879 1826 1827 1828 1829 1830
49 897 1831 1832 1833
40
49 250 1436 1834 1835 1836
39 40 42 49 171 267 358 439 916 1281 1837 1838 1839 1840 1841 1842 1843 1844 1845
40 90 202 360 573 979 1394 1436 1846 1847 1848
33 40 42 209 504 588 836 1412 1542 1658 1849 1850 1851 1852 1853 1854
26 40 49 92 151 238 360 550 572 617 808 832 879 886 962 1091 1292 1599 1855 1856 1857 1858 1859 1860
40 741 1011 1861 1862
1863 1864
40 49 90 431 825 1865 1866 1867 1868
33 42 49 66 67 314 339 476 662 1337 1345 1869 1870 1871 1872 1873
238 795 893 1476 1701 1874 1875 1876 1877 1878
40 42 66 613 809 957 1879 1880 1881 1882 1883
39 56 980 1884 1885 1886 1887 1888
40 250 1361 1889 1890 1891
40 49 304
353 1109
1892
39 40 42 397 549 1591 1873
40 940
39 40 42 46 49 90 102 171 238 385 593 810 1001 1240 1328 1437 1553
33 39 40 42 810 886 1728
33 40 49 751 910 1673 1893 1894 1895
40 49 55 79 90 102 545 587 786 1069 1881 1896
351 600 1897
90 1898 1899
40 97 285 1373 1900 1901 1902 1903 1904
40 49 1815 1905
39 40 42 49 66 72 90 250 360 366 490 572 742 806 1104 1429 1482 1514 1577 1579 1832 1906 1907 1908 1909 1910 1911 1912 1913 1914 1915 1916 1917
217 1918
33 40 42 49 108 137 341 437 448 577 834 1106 1136 1482 1499 1919 1920 1921 1922 1923 1924
49 1925 1926 1927 1928
39 40 42 49 111 801 942
2 49 865 1195 1433 1929
806 992 1001 1418 1601 1930 1931 1932 1933 1934
28 42 270 380 1592 1935
40 49 256 311 582 640 714 1936 1937 1938 1939
40 42 49
40 49 117 440 990 1940
1941 1942
39 372 499 519 951 1012 1715 1793 1923 1943 1944 1945 1946 1947
40 90 704 904 969 1234 1436 1948
311 1667 1737 1949 1950 1951
40 42 1952
34 40 49 66 79 256 575 1953 1954 1955 1956 1957
1228 1612 1958 1959 1960
33 40 1746 1961 1962
33 40 153
40 1963
39 40 49 324 372 1964 1965
40 735 1966
40 49 762 1592 1967
33 49 63 1136 1273 1968 1969 1970 1971 1972 1973
33 40 42 272 422 1974
38 39 42 90 185 342 670 1975 1976
238 1477 1613 1977 1978 1979
825 1193 1643 1980 1981
40 108 109 341 465 571 613 857 1980 1981 1982 1983 1984
33 1985 1986
40 49 613 1579
40 42
49 79 439
40 500
39 171 201 964 1987 1988
256
243 1989 1990
40 49 432 550 994 1489
40 90 980 1141 1548 1991 1992
40 489 549 1197 1441 1993 1994 1995 1996 1997 1998 1999
33 40 49 335 364 590 605 638 1052 2000 2001 2002 2003
40 49
1199
382 847 2004 2005 2006
49 866 1810 2007
40 42 49 260 270 565 612 1136 1348 1711 1854 1970 2008 2009 2010 2011 2012 2013
33 206 571 969 2014
40 49 185 573 1095 1266 1586 2015 2016 2017 2018
39 40 111
33 38 39 40 42 90 904 1460 2019 2020 2021 2022 2023
37 39 118 451 551 1250
266 322 2024
39 40 171 741 867 899 1177 1186 2025 2026
39 118 124 171 341 551 977 1310 1877 2027 2028 2029 2030 2031 2032 2033 2034 2035
33 42 179 442 512
38 39 40 767 1179 1439 1589 1697 2036 2037 2038 2039 2040 2041 2042 2043
49 137 442 2044 2045
360 2046
2047
143 1569
2048
33 2049
19 40 948
39 40 171
37 39 40 49 275 977 1328 1655 1780 2050 2051 2052 2053 2054 2055 2056 2057 2058
39 40 42 49 476 1591
