0	276837	4	14	15	97	102	#
1	315852	14	38	43	81	102	#
2	248133	4	15	72	78	102	#
3	536959	38	42	45	48	73	83	84	93	95	103	#
4	779348	12	29	43	62	63	74	86	88	95	103	#
5	741580	30	35	45	48	55	84	86	89	98	103	#
6	546096	6	9	40	42	43	56	76	87	99	103	#
7	431952	4	10	38	42	60	69	83	88	97	103	#
8	410701	12	28	30	49	59	74	78	93	100	103	#
9	393585	5	38	45	47	53	73	75	97	98	103	#
10	307745	21	46	60	71	72	73	79	88	94	103	#
11	129162	11	18	22	23	49	64	79	84	93	103	#
12	67939	93	#
13	452863	34	44	56	76	86	104	#
14	615657	32	56	67	83	90	104	#
15	521216	8	41	45	80	86	104	#
16	519069	34	37	66	76	100	104	#
17	484579	9	27	33	34	40	104	#
18	391648	5	10	25	44	57	104	#
19	18330	50	#
20	530119	0	27	50	73	76	80	88	105	#
21	686113	5	24	54	65	73	77	83	105	#
22	605389	2	10	27	71	79	81	88	105	#
23	529592	26	33	38	50	75	78	96	105	#
24	512742	8	25	48	53	75	80	97	105	#
25	428890	0	8	11	28	49	77	97	105	#
26	404317	0	42	43	60	76	78	94	105	#
27	117746	68	70	85	106	#
28	136708	42	44	70	106	#
29	1395039	2	4	19	21	22	23	43	45	48	50	54	56	58	59	60	69	71	81	91	96	107	#
30	1664551	2	5	8	18	23	34	38	41	50	56	61	63	69	81	84	87	90	91	96	100	107	#
31	1588985	6	7	9	11	15	18	22	25	45	47	53	54	55	56	62	78	80	85	90	99	107	#
32	1558698	6	12	15	19	25	26	32	33	44	56	59	60	61	63	79	85	90	91	96	99	107	#
33	1503761	2	9	15	17	23	31	34	39	43	44	45	48	49	53	71	76	84	93	94	96	107	#
34	1480263	7	11	22	28	39	50	60	62	65	67	70	71	72	73	90	94	95	96	98	101	107	#
35	1466736	14	19	25	26	35	38	51	53	55	62	64	69	73	81	85	87	90	91	96	97	107	#
36	1459645	2	4	7	8	11	12	22	36	37	47	55	60	62	64	69	79	84	90	97	99	107	#
37	1408947	4	6	8	10	11	19	21	24	29	33	45	49	52	53	59	66	68	70	71	81	107	#
38	1397232	2	3	6	8	9	18	22	29	42	44	45	46	48	52	54	69	73	75	98	101	107	#
39	1350529	4	14	15	16	17	19	32	34	45	51	52	56	58	63	69	78	89	94	98	100	107	#
40	96466	48	58	108	#
41	53776	4	58	108	#
42	71666	36	#
43	99636	72	#
44	206381	85	90	109	#
45	190839	89	90	109	#
46	158655	0	85	109	#
47	256885	14	17	62	110	#
48	345249	17	55	85	110	#
49	253002	14	62	84	110	#
50	195182	14	58	76	110	#
51	948696	2	3	39	49	50	52	62	67	90	100	111	#
52	1254626	12	13	17	48	49	53	70	72	94	100	111	#
53	1054613	7	18	20	31	52	57	62	71	98	99	111	#
54	1022889	13	31	39	48	53	55	72	73	78	85	111	#
55	1022623	9	12	22	36	41	44	66	72	90	100	111	#
56	981119	12	14	29	37	40	52	64	75	85	92	111	#
57	960071	7	23	28	30	31	48	49	60	73	92	111	#
58	944682	1	3	9	20	43	45	58	69	70	86	111	#
59	866281	0	2	23	42	54	55	66	67	82	96	111	#
60	790918	7	23	36	41	45	50	55	58	72	88	111	#
61	767395	2	8	10	31	46	51	71	76	89	94	111	#
