0	229935	40	47	59	80	81	#
1	307009	25	29	47	51	81	#
2	25009	34	#
3	445886	24	25	28	31	49	52	62	82	#
4	648008	15	23	28	49	52	54	65	82	#
5	95691	30	#
6	91924	68	#
7	143180	41	66	83	#
8	207367	36	41	83	#
9	114662	35	62	84	#
10	147926	35	78	84	#
11	64629	49	#
12	102025	7	#
13	188217	1	32	85	#
14	242194	1	48	85	#
15	22971	15	79	86	#
16	27544	68	79	86	#
17	47770	14	16	87	#
18	64548	14	27	87	#
19	354903	3	4	7	13	25	70	76	77	78	88	#
20	521381	0	3	4	27	36	48	61	66	72	88	#
21	634557	4	23	36	41	49	54	66	76	89	#
22	720636	13	23	34	35	36	39	68	70	89	#
23	58267	72	#
24	90786	38	#
25	117055	24	45	67	#
26	66596	76	#
27	143160	18	#
28	255739	19	44	70	90	#
29	276796	34	45	70	90	#
30	105775	12	15	30	39	67	#
31	271318	4	16	36	91	#
32	329892	4	7	41	91	#
33	253192	21	23	45	92	#
34	290873	11	21	53	92	#
35	98528	27	29	93	#
36	72147	24	29	93	#
37	11794	79	#
38	268873	24	45	75	94	#
39	377626	45	55	75	94	#
40	181466	27	43	49	95	#
41	211204	9	23	49	95	#
42	32185	70	#
43	40158	58	#
44	214816	29	52	96	#
45	257123	26	29	96	#
46	284714	69	74	97	#
47	293968	7	69	97	#
48	53609	40	#
49	56649	4	#
50	148233	50	#
51	385466	4	16	19	53	64	98	#
52	432280	3	34	39	53	67	98	#
53	202393	2	52	99	#
54	217335	2	66	99	#
55	60034	47	#
56	231687	50	52	63	67	70	72	100	#
57	274007	16	22	26	62	65	67	100	#
58	98532	3	16	79	101	#
59	143178	16	60	64	101	#
60	69940	37	54	102	#
61	99090	37	67	102	#
62	24859	36	#
63	71853	75	#
