0	453876	44	50	97	117	124	#
1	508095	7	17	18	97	124	#
2	479285	20	50	68	96	124	#
3	358404	12	49	117	122	124	#
4	165914	13	59	67	125	#
5	188002	34	40	67	125	#
6	104764	13	15	62	125	#
7	44926	3	59	68	125	#
8	359002	1	42	50	88	100	126	#
9	494532	20	76	83	100	115	126	#
10	364167	1	27	48	53	60	126	#
11	356052	11	19	43	88	93	126	#
12	117414	106	#
13	404425	1	14	23	33	60	127	#
14	560220	53	60	78	81	84	127	#
15	501958	23	42	51	84	92	127	#
16	398619	14	40	84	89	97	127	#
17	122764	2	#
18	704315	12	14	18	32	36	48	77	81	104	123	128	#
19	1022055	18	38	55	60	65	89	108	118	120	123	128	#
20	987876	5	16	39	50	61	104	105	107	120	121	128	#
21	927859	14	16	18	26	41	65	94	106	119	123	128	#
22	102111	52	63	#
23	555437	3	8	65	72	75	84	89	96	99	104	116	129	#
24	812896	26	34	44	53	57	59	63	65	84	99	105	129	#
25	761483	1	8	24	31	60	63	83	98	100	103	111	129	#
26	695488	0	9	15	21	26	30	65	96	110	114	119	129	#
27	212012	13	29	130	#
28	263173	13	109	130	#
29	178767	29	73	130	#
30	583359	1	44	54	64	91	98	131	#
31	670537	29	44	57	95	98	100	131	#
32	596284	48	64	67	82	107	108	131	#
33	544639	1	15	43	70	95	99	131	#
34	380416	48	58	86	92	95	114	132	#
35	538855	28	29	48	53	71	121	132	#
36	471786	2	36	53	58	60	114	132	#
37	456523	18	53	62	89	92	115	132	#
38	413631	22	89	104	115	118	133	#
39	535467	17	31	80	89	122	133	#
40	408267	22	57	89	97	103	133	#
41	393535	61	80	94	111	118	133	#
42	328670	60	90	94	100	134	#
43	416102	6	30	36	60	134	#
44	412952	64	67	89	94	134	#
45	349086	19	73	100	103	134	#
46	117335	31	108	135	#
47	10420	50	108	135	#
48	1816075	0	6	12	19	28	36	38	40	46	52	53	59	61	63	65	71	75	83	95	100	103	105	110	118	136	#
49	2523231	0	10	11	19	26	27	28	29	31	35	53	55	60	70	72	81	85	90	91	93	94	101	118	121	136	#
50	2098743	4	5	10	25	26	28	29	33	37	50	53	56	63	70	71	83	84	88	89	100	104	112	119	120	136	#
51	2080649	0	1	3	12	13	20	22	26	29	34	35	38	43	44	47	53	60	61	88	93	100	105	110	121	136	#
52	163816	83	116	137	#
53	180381	83	102	137	#
54	86245	46	116	137	#
55	1438542	14	18	25	29	35	44	51	53	57	62	64	69	75	87	88	100	112	123	138	#
56	1899433	6	8	18	20	21	29	38	44	58	63	69	70	71	72	74	94	105	108	138	#
57	1889707	0	1	19	27	40	44	46	66	70	94	96	97	109	112	115	120	122	123	138	#
58	1812442	0	12	14	18	29	34	35	45	48	50	53	54	59	89	96	97	108	119	138	#
59	433717	27	65	70	139	#
60	456399	27	64	70	139	#
61	370770	27	65	103	139	#
62	233596	4	27	100	139	#
63	1647565	11	12	28	30	33	35	36	42	51	54	62	65	69	99	104	110	113	140	#
64	1763069	13	14	16	23	34	49	50	62	64	65	78	83	84	89	99	109	123	140	#
65	1549665	7	10	15	19	34	43	51	53	55	61	71	73	95	99	104	112	122	140	#
66	1535953	8	15	16	23	28	33	37	42	68	85	88	95	100	106	111	113	122	140	#
67	1230562	20	22	25	27	28	40	48	53	65	94	95	114	141	#
68	1320839	6	16	18	25	45	51	59	81	87	94	118	119	141	#
69	1308826	8	21	28	33	57	65	81	89	95	111	116	121	141	#
70	1266889	3	20	28	34	48	66	98	108	109	119	120	121	141	#
71	302824	17	29	45	142	#
72	386475	19	29	30	142	#
73	288062	17	28	64	142	#
74	260640	36	45	58	142	#
75	383066	27	76	99	119	143	#
76	454181	49	53	76	94	143	#
77	308645	10	78	82	119	143	#
78	257590	17	29	49	99	143	#
79	237266	4	27	80	144	#
80	227052	25	80	90	144	#
81	225880	4	50	52	144	#
82	110847	27	59	102	144	#
83	333420	10	11	14	19	28	34	54	67	97	114	145	#
84	458499	4	12	22	23	37	43	51	71	109	114	145	#
85	54391	55	103	#
86	163888	46	56	79	108	116	120	#
87	1494224	1	10	18	26	31	50	53	56	59	69	71	81	85	86	87	146	#
88	1473066	0	7	17	18	22	26	37	50	56	59	78	87	106	119	122	146	#
89	1432332	20	26	38	39	40	42	47	50	55	75	78	87	92	103	121	146	#
90	1392435	4	17	20	25	30	34	36	38	56	74	85	102	113	119	122	146	#
