0	501179	1	18	23	24	41	49	55	67	#
1	467747	18	20	28	44	45	49	65	67	#
2	36719	18	#
3	561819	10	13	17	29	39	43	48	57	58	68	#
4	638180	8	13	24	27	30	48	62	63	66	68	#
5	210967	8	9	34	66	69	#
6	259596	8	10	54	62	69	#
7	30683	51	54	#
8	616264	4	5	6	22	39	43	45	46	48	51	60	70	#
9	782829	1	4	17	21	22	25	26	45	55	57	59	70	#
10	48666	9	#
11	460964	8	16	17	18	27	30	38	39	40	46	51	66	71	#
12	682191	2	7	10	11	17	18	19	26	45	46	58	59	71	#
13	619027	0	5	7	8	17	24	32	39	48	72	#
14	572840	10	20	22	24	32	35	42	43	64	72	#
15	734234	0	7	13	14	16	19	20	21	23	25	31	46	51	73	#
16	891667	0	4	6	7	10	14	22	36	40	45	49	50	56	73	#
17	423136	5	6	13	14	18	40	63	74	#
18	535757	3	13	14	21	41	61	62	74	#
19	56358	19	58	75	#
20	71023	5	58	75	#
