0	151349	12	21	30	47	55	62	#
1	218766	0	13	21	38	39	62	#
2	209956	0	19	20	30	38	62	#
3	136972	10	12	42	47	61	62	#
4	23485	54	#
5	48378	8	#
6	84527	5	9	10	63	#
7	120021	5	17	20	63	#
8	94973	9	14	44	63	#
9	51855	49	#
10	241193	21	33	39	64	#
11	248288	27	31	33	64	#
12	153107	9	39	56	64	#
13	143022	18	21	42	64	#
14	264594	19	38	45	46	65	#
15	177310	9	34	45	46	65	#
16	168843	10	25	38	42	65	#
17	96531	7	#
18	59771	29	#
19	144493	9	20	32	66	#
20	188842	9	10	16	66	#
21	117933	24	32	39	66	#
22	71512	5	20	23	66	#
23	165991	42	44	54	58	60	67	#
24	246375	38	39	42	45	58	67	#
25	219887	12	16	31	58	59	67	#
26	210177	8	23	31	43	60	67	#
27	166970	18	23	39	42	54	67	#
