0	241977	21	26	65	#
1	208716	21	49	65	#
2	188228	26	62	65	#
3	78030	3	35	#
4	78405	24	#
5	460701	2	6	10	16	26	38	67	#
6	684389	10	25	32	37	38	59	67	#
7	513457	0	9	26	59	60	64	67	#
8	338631	13	37	55	57	68	#
9	362605	30	37	58	62	68	#
10	262610	13	46	59	62	68	#
11	361653	11	21	29	34	69	#
12	409370	2	11	25	39	69	#
13	398444	34	49	53	63	69	#
14	306707	10	17	43	55	70	#
15	384738	29	39	43	55	70	#
16	367175	16	17	21	33	70	#
17	16661	50	#
18	366840	2	4	20	52	71	#
19	421694	4	20	34	49	71	#
20	407564	4	20	26	44	71	#
21	109931	34	#
22	222143	33	36	72	#
23	177388	9	33	72	#
24	123688	36	41	72	#
25	263737	7	11	25	53	73	#
26	316577	5	25	38	47	73	#
27	255339	4	9	11	51	73	#
