0	228172	13	29	83	97	103	125	#
1	338386	1	13	16	63	121	125	#
2	327202	6	36	37	53	103	125	#
3	302353	29	95	99	112	114	125	#
4	250943	18	66	95	97	116	125	#
5	44610	32	#
6	41757	40	#
7	184199	36	56	126	#
8	191236	36	81	126	#
9	181683	56	118	126	#
10	39639	77	#
11	98007	67	97	127	#
12	122086	67	74	127	#
13	23933	33	#
14	195541	1	94	128	#
15	145946	1	105	128	#
16	144849	48	94	128	#
17	308925	33	43	57	88	129	#
18	335658	26	43	63	119	129	#
19	294901	17	49	57	95	129	#
20	269804	33	88	104	118	129	#
21	230885	33	45	80	85	129	#
22	78765	56	#
23	18939	73	#
24	105849	79	#
25	100682	86	96	130	#
26	123082	95	96	130	#
27	100029	41	86	130	#
28	117415	62	103	131	#
29	140397	74	103	131	#
30	123460	53	62	131	#
31	183182	5	36	132	#
32	196873	4	5	132	#
33	183148	36	90	132	#
34	326289	24	34	51	104	111	133	#
35	332751	25	34	68	70	92	133	#
36	322286	13	22	85	106	111	133	#
37	286402	17	23	24	30	70	133	#
38	268951	3	4	73	91	104	133	#
39	175368	29	41	51	61	98	133	#
