0	287654	6	58	60	62	67	76	#
1	343161	0	6	25	38	53	76	#
2	297058	12	33	37	58	66	76	#
3	415570	23	26	38	47	63	72	77	#
4	611704	4	10	14	23	49	75	77	#
5	478297	38	57	61	69	74	75	77	#
6	207055	14	43	78	#
7	211904	14	62	78	#
8	143980	26	43	78	#
9	568205	10	12	30	56	66	69	79	#
10	588407	10	17	30	36	63	73	79	#
11	556501	46	52	63	66	67	71	79	#
12	214822	9	30	35	67	80	#
13	267527	9	16	31	52	80	#
14	249647	9	30	41	51	80	#
15	222729	23	39	71	81	#
16	328902	58	66	71	81	#
17	265937	18	23	53	81	#
18	611047	10	17	18	52	68	74	82	#
19	639550	5	18	34	40	58	71	82	#
20	478752	7	10	42	45	57	64	82	#
21	326915	23	25	34	54	83	#
22	427191	4	14	23	64	83	#
23	311685	17	25	28	67	83	#
24	103994	5	#
25	93681	74	#
26	861825	5	7	32	36	43	50	51	52	57	58	66	73	84	#
27	1170268	19	21	23	28	30	31	38	52	57	58	69	71	84	#
28	1078450	10	25	26	30	37	47	50	58	61	62	65	71	84	#
29	100368	71	#
30	81489	19	#
31	529854	3	18	21	24	27	38	45	48	85	#
32	744794	12	21	26	34	39	52	59	71	85	#
33	718843	3	7	15	18	26	37	51	68	85	#
34	227337	5	19	36	48	86	#
35	302636	20	48	52	57	86	#
36	221447	19	25	56	59	86	#
37	124245	57	75	87	#
38	152648	25	75	87	#
39	119626	15	57	87	#
40	187481	5	27	34	46	54	65	69	#
