0	541922	22	26	30	34	35	57	60	61	73	#
1	585271	9	11	29	33	44	57	59	68	73	#
2	562687	3	4	23	26	33	35	40	59	73	#
3	453150	14	22	23	25	26	27	33	68	73	#
4	432973	5	7	23	50	54	60	68	69	73	#
5	386783	2	20	28	30	53	61	67	71	73	#
6	360681	16	27	34	41	51	55	61	70	73	#
7	337364	8	10	30	53	54	58	63	68	73	#
8	326643	1	6	10	18	23	26	38	58	73	#
9	583289	26	32	44	54	57	58	70	72	74	#
10	652475	11	19	25	27	31	37	44	70	74	#
11	511703	3	14	26	49	52	54	61	70	74	#
12	511413	15	17	20	24	26	38	44	72	74	#
13	502222	4	18	26	37	42	45	50	57	74	#
14	443881	4	8	18	19	25	37	46	58	74	#
15	438192	20	27	32	37	45	57	70	71	74	#
16	417265	5	36	38	46	57	64	68	72	74	#
17	425291	13	18	23	27	31	32	54	58	75	#
18	496554	0	3	14	18	19	23	30	47	75	#
19	449941	3	7	23	35	38	40	43	50	75	#
20	411100	3	4	5	12	18	20	48	54	75	#
21	385962	0	20	26	27	39	40	53	55	75	#
22	358830	3	8	11	12	14	19	32	45	75	#
23	306848	14	18	27	29	35	42	58	72	75	#
24	287608	7	19	28	31	35	41	61	71	75	#
25	24792	41	#
26	68972	16	65	76	#
27	51346	8	16	76	#
28	115009	21	#
29	137842	30	37	77	#
30	114435	30	32	77	#
31	90594	37	71	77	#
32	46001	46	#
33	318102	1	10	13	48	78	#
34	323686	2	10	11	69	78	#
35	309922	1	11	60	64	78	#
36	260150	1	13	44	72	78	#
37	195237	29	37	48	58	78	#
38	124877	9	65	79	#
39	118991	9	24	79	#
40	69467	5	65	79	#
