0	973662	27	32	50	51	55	68	92	100	103	153	164	#
1	1035661	31	32	55	58	59	81	113	116	122	133	164	#
2	1000420	49	59	81	100	110	116	123	128	134	154	164	#
3	146202	105	#
4	52480	96	#
5	323626	2	105	152	165	#
6	308877	70	146	152	165	#
7	301805	105	131	159	165	#
8	216986	61	81	92	119	166	#
9	303619	15	67	119	154	166	#
10	265121	22	81	83	93	166	#
11	459806	11	25	48	96	157	167	#
12	572448	11	60	86	105	147	167	#
13	505945	1	21	28	48	149	167	#
14	75957	25	114	118	126	168	#
15	99506	25	27	91	98	168	#
16	206080	36	71	169	#
17	225165	39	71	169	#
18	136447	36	96	169	#
19	40973	78	#
20	374625	7	69	72	138	170	#
21	481642	9	28	39	69	170	#
22	464361	72	126	127	152	170	#
23	272003	54	133	171	#
24	263261	54	78	171	#
25	244715	124	133	171	#
26	157883	83	146	172	#
27	212791	115	146	172	#
28	66649	57	83	172	#
29	172667	5	#
30	134846	67	157	173	#
31	85342	67	78	173	#
32	257162	109	112	151	174	#
33	346853	18	109	128	174	#
34	236224	31	112	138	174	#
35	330964	39	124	143	158	175	#
36	394588	15	28	124	129	175	#
37	373311	94	128	143	146	175	#
38	146888	71	83	176	#
39	190518	83	144	176	#
40	168215	71	137	176	#
41	139097	73	74	177	#
42	173903	74	161	177	#
43	166161	22	73	177	#
44	82336	31	160	178	#
45	121579	31	38	178	#
46	82360	136	#
47	155012	46	136	179	#
48	124006	4	136	179	#
49	46248	14	#
50	189573	118	123	157	180	#
51	113831	36	89	118	180	#
52	33807	25	123	137	180	#
53	128661	139	#
